\input{Header.tex}

\begin{document}

%%%%%%%%%%%%%%%%%%%%%%%%%
%		Caratula		%
%%%%%%%%%%%%%%%%%%%%%%%%%

\input{Caratula.tex}

%%%%%%%%%%%%%%%%%%%%%
%		Indice		%
%%%%%%%%%%%%%%%%%%%%%

\tableofcontents
\newpage

%%%%%%%%%%%%%%%%%%%%%
%		Informe		%
%%%%%%%%%%%%%%%%%%%%%


\subsection{Introducción}

Se analiza una secuencia $X(n)$, estimando y calculando parámetros de interés, como lo son la autocorrelación, los coeficientes de correlación parcial y la densidad espectral de potencia.

\subsection{Estimación de la Autocorrelación} 

Se estiman la autocorrelación mediante el uso de los primeros $128$ elementos de la secuencia brindada. Para ello, se vale los estimadores polarizados ($R_{p}$) y no polarizados ($R_{np}$) de dicho parámetro. Estas funciones son las empleadas para estimar otras funciones mediante información digitalizada.
\begin{equation}
\begin{gathered}
	R_{p}(k) = \frac{1}{N} \sum_{i=0}^{N-k-1} X(i)X(i+k)	\\
	R_{np}(k) = \frac{1}{N-k} \sum_{i=0}^{N-k-1} X(i)X(i+k)
\end{gathered}
\end{equation}
En ellas se observan los parámetros $N$, es decir, el largo de $X(n)$, y $k$, variable que puede tomar los valores $0, 1, ... \ , 127$. Mediante el uso de estos estimadores, se normaliza para poder obtener los coeficientes de autocorrelación $r_{XXp}$ y $r_{XXnp}$. 

\begin{figure}[H]
\centering
	\includegraphics[width=0.8\textwidth, trim = {0 0 0 0},clip]{./Imagenes/pend.jpg}
	\caption{Grafica de los coeficientes de autocorrelación total estimados.}
	\label{fig:rxx}
\end{figure}

Se puede observar en la Figura (\ref{fig:rxx}) como ambas curvas se encuentran solapadas, haciendo que sea prácticamente imposible distinguirlas.
Esto se debe a que existe una relación entre cada estimador, siendo esta
\begin{equation*}
\begin{gathered}
	R_{p}(k) = \frac{N - k}{N} R_{np}(k)
\end{gathered}
\end{equation*}

Ya que, para el caso del vector analizado, se da la condición de que $N = 4096$ y además $N >> k_{max} = 127$, siendo entonces
\begin{equation*}
\begin{gathered}
	R_{p}(k) \approx R_{np}(k)
\end{gathered}
\end{equation*}

\subsection{Coeficientes de correlación parcial}

Con los datos ya extraídos y mediante la resolución de la ecuación de Yule-Walker, fue posible obtener los coeficientes deseados. Esto se realizó con los coeficientes totales obtenidos a través de las estimaciones polarizada y no polarizada.
\begin{figure}[H]
\centering
	\includegraphics[width=0.7\textwidth, trim = {0 0 0 0},clip]{./Imagenes/pend.jpg}
	\caption{Grafica de los coeficientes de autocorrelación parcial obtenidos.}
	\label{fig:phikk}
\end{figure}

En la Figura (\ref{fig:phikk}) se obtuvo nuevamente una diferencia entre ambas curvas, la cual no es significativa.

\subsection{Modelo del proceso}
\label{subsec:modelo}

Se procede a determinar que tipo de modelo utilizar para el proceso analizado. Observando la Figura (\ref{fig:rxx}), se denota que $r_{XX}(1)$ y $r_{XX}(2)$ son valores distintos de 0 ($-0,603$ y $0,099$ para ambas aproximaciones), mientras que los valores siguientes, si bien no son exactamente 0, son todos menores en modulo a $0,03$, lo que permite aproximarlos a 0. Además, observando la Figura (\ref{fig:phikk}), se puede afirmar que los $\phi_{kk}$ presentan un comportamiento exponencial. Es por ello que se determina que el proceso es un \textbf{MA(2)} (\textbf{ARMA(0,2)}).

Para el calculo de los $\theta$, se utilizaron las ecuaciones
\begin{equation}
	r_{XX}(1) = \frac{R_{XX}(1)}{\sigma_X^2} = \frac{\theta_{2,1} + \theta_{2,1} \theta_{2,2}}{1 +\theta_{2,1}^2 + \theta_{2,2}^2}
\end{equation}
\begin{equation}
	r_{XX}(2) = \frac{\theta_{2,2}}{1 +\theta_{2,1}^2 + \theta_{2,2}^2}
\end{equation}

Resolviendo dicho sistema, se obtienen los siguientes valores:
\begin{equation}
\begin{gathered}
	\theta_{2,1} = -1,280	\\
	\theta_{2,2} = 0,268	
\end{gathered}
\end{equation}

Con lo ya dicho, se procede a estimar los parámetros del proceso y compararlos con los ya obtenidos.

\begin{figure}[H]
\centering
	\includegraphics[width=0.8\textwidth, trim = {0 0 0 0},clip]{./Imagenes/pend.jpg}
	\caption{Comparación de los coeficientes de autocorrelación.}
	\label{fig:Rxxcalc}
\end{figure}
\begin{figure}[H]
\centering
	\includegraphics[width=0.8\textwidth, trim = {0 0 0 0},clip]{./Imagenes/pend.jpg}
	\caption{Comparación de los coeficientes de autocorrelación normalizados.}
	\label{fig:rrxxcalc2}
\end{figure}

\subsection{Matrices de la ecuación Yule-Wlaker}
\begin{itemize}

\item Orden 2:
\begin{equation*}
	\phi = 
	\begin{pmatrix}
		0.1473 \\
		0.0481  
	\end{pmatrix}	\	\	\	\
	R =
	\begin{pmatrix}
		1 & 0.1547 \\
		0.1547 & 1					  
	\end{pmatrix}
\end{equation*}

\item Orden 3:
\begin{equation*}
	\phi = 
	\begin{pmatrix}
		0.1454 \\
		0.0423 \\
		0.0396  
	\end{pmatrix}	\	\	\	\
	R =
	\begin{pmatrix}
		1 		& 0.1547 	& 0.0709 \\
		0.1547 	& 1 		& 0.1647 \\
		0.0709 	& 0.1547 	& 1					  
	\end{pmatrix}
\end{equation*}

\item Orden 4:
\begin{equation*}
	\phi = 
	\begin{pmatrix}
		0.1441 \\
		0.0410 \\
		0.0351 \\
		0.0312
	\end{pmatrix}	\	\	\	\
	R =
	\begin{pmatrix}
		1 		& 0.1547 	& 0.0709 	& 0.0564 \\
		0.1547 	& 1 		& 0.1647 	& 0.0709 \\
		0.0709 	& 0.1547 	& 1			& 0.1547 \\
		0.0564	& 0.0709	& 0.1547	& 1		  
	\end{pmatrix}
\end{equation*}

\item Orden 5:
\begin{equation*}
	\phi = 
	\begin{pmatrix}
		0.1432 \\
		0.0399 \\
		0.0338 \\
		0.0268 \\
		0.0304  
	\end{pmatrix}	\	\	\	\
	R =
	\begin{pmatrix}
		1 & 0.1547 & 0.0709 & 0.0564 & 0.0477 \\
    	0.1547 & 1 & 0.1547 & 0.0709 & 0.0564 \\
    	0.0709 & 0.1547 & 1 & 0.1547 & 0.0709 \\
    	0.0564 & 0.0709 & 0.1547 & 1 & 0.1547 \\
    	0.0477 & 0.0564 & 0.0709 & 0.1547 & 1	  
	\end{pmatrix}
\end{equation*}

\item Orden 6:
\begin{equation*}
	\phi = 
	\begin{pmatrix}
		0.1427 \\
		0.0395 \\
		0.0333 \\
		0.0262 \\
		0.0282 \\
		0.0157  
	\end{pmatrix}	\	\	\	\
	R =
	\begin{pmatrix}
		1 & 0.1547 & 0.0709 & 0.0564 & 0.0477 & 0.0461 \\
		0.1547 & 1 & 0.1547 & 0.0709 & 0.0564 & 0.0477 \\
		0.0709 & 0.1547 & 1 & 0.1547 & 0.0709 & 0.0564 \\
		0.0564 & 0.0709 & 0.1547 & 1 & 0.1547 & 0.0709 \\
		0.0477 & 0.0564 & 0.0709 & 0.1547 & 1 & 0.1547 \\
		0.0461 & 0.0477 & 0.0564 & 0.0709 & 0.1547 & 1	
	\end{pmatrix}
\end{equation*}

\item Orden 7:
\begin{equation*}
	\phi = 
	\begin{pmatrix}
		0.1424 \\
		0.0390 \\
		0.0328 \\
		0.0256 \\
		0.0275 \\
		0.0131 \\
		0.0180 
	\end{pmatrix}	\	\	\	\
	R =
	\begin{pmatrix}
	1 & 0.1547 & 0.0709 & 0.0564 & 0.0477 & 0.0461 & 0.0322 \\
	0.1547 & 1 & 0.1547 & 0.0709 & 0.0564 & 0.0477 & 0.0461 \\
	0.0709 & 0.1547 & 1 & 0.1547 & 0.0709 & 0.0564 & 0.0477 \\
	0.0564 & 0.0709 & 0.1547 & 1 & 0.1547 & 0.0709 & 0.0564 \\
	0.0477 & 0.0564 & 0.0709 & 0.1547 & 1 & 0.1547 & 0.0709 \\
	0.0461 & 0.0477 & 0.0564 & 0.0709 & 0.1547 & 1 & 0.1547 \\
	0.0322 & 0.0461 & 0.0477 & 0.0564 & 0.0709 & 0.1547 & 1	  
	\end{pmatrix}
\end{equation*}

\item Orden 8:
\begin{equation*}
	\phi = 
	\begin{pmatrix}
		0.1422 \\
		0.0388 \\
		0.0324 \\
		0.0252 \\
		0.0270 \\
		0.0125 \\
		0.0160 \\
		0.0144  
	\end{pmatrix}	\	\	\	\
	R =
	\begin{pmatrix}	
	1 & 0.1547 & 0.0709 & 0.0564 & 0.0477 & 0.0461 & 0.0322 & 0.0314 \\
	0.1547 & 1 & 0.1547 & 0.0709 & 0.0564 & 0.0477 & 0.0461 & 0.0322 \\
	0.0709 & 0.1547 & 1 & 0.1547 & 0.0709 & 0.0564 & 0.0477 & 0.0461 \\
	0.0564 & 0.0709 & 0.1547 & 1 & 0.1547 & 0.0709 & 0.0564 & 0.0477 \\
	0.0477 & 0.0564 & 0.0709 & 0.1547 & 1 & 0.1547 & 0.0709 & 0.0564 \\
	0.0461 & 0.0477 & 0.0564 & 0.0709 & 0.1547 & 1 & 0.1547 & 0.0709 \\
	0.0322 & 0.0461 & 0.0477 & 0.0564 & 0.0709 & 0.1547 & 1 & 0.1547 \\
	0.0314 & 0.0322 & 0.0461 & 0.0477 & 0.0564 & 0.0709 & 0.1547 & 1					  
	\end{pmatrix}
\end{equation*}

\item Orden 9:
\begin{equation*}
	\phi = 
	\begin{pmatrix}
		0.1420 \\
		0.0386 \\
		0.0323 \\
		0.0250 \\
		0.0268 \\
		0.0122 \\
		0.0156 \\
		0.0132 \\
		0.0090
	\end{pmatrix}	\	\	\	\
	R =
	\begin{pmatrix}	
	1 & 0.1547 & 0.0709 & 0.0564 & 0.0477 & 0.0461 & 0.0322 & 0.0314 & 0.0277 \\
	0.1547 & 1 & 0.1547 & 0.0709 & 0.0564 & 0.0477 & 0.0461 & 0.0322 & 0.0314 \\
	0.0709 & 0.1547 & 1 & 0.1547 & 0.0709 & 0.0564 & 0.0477 & 0.0461 & 0.0322 \\
	0.0564 & 0.0709 & 0.1547 & 1 & 0.1547 & 0.0709 & 0.0564 & 0.0477 & 0.0461 \\
	0.0477 & 0.0564 & 0.0709 & 0.1547 & 1 & 0.1547 & 0.0709 & 0.0564 & 0.0477 \\
	0.0461 & 0.0477 & 0.0564 & 0.0709 & 0.1547 & 1 & 0.1547 & 0.0709 & 0.0564 \\
	0.0322 & 0.0461 & 0.0477 & 0.0564 & 0.0709 & 0.1547 & 1 & 0.1547 & 0.0709 \\
	0.0314 & 0.0322 & 0.0461 & 0.0477 & 0.0564 & 0.0709 & 0.1547 & 1 & 0.1547 \\
	0.0277 & 0.0314 & 0.0322 & 0.0461 & 0.0477 & 0.0564 & 0.0709 & 0.1547 & 1	  
	\end{pmatrix}
\end{equation*}

\end{itemize}

\subsection{Filtro de Kalman}

\subsubsection{Introducción}
En el campo de la estadística y teoría de control, los filtros de Kalman, también conocidos como estimación cuadrática media(LQE), es un algoritmo que utiliza una serie de mediciones realizadas por un observador a través del tiempo, el cual contiene ruido estadístico y otras in-certezas, y  produce estimaciones de variables , que tienden a ser mucho mas acertadas que otras basadas en una única medicion, al estimar la distribución de probabilidad conjunta sobre las variables por cada tiempo $t_k$, El filtro es llamado así por su desarrollador, Rudolf E. Kálmán,

\begin{figure}[H]
\centering
	\includegraphics[width=0.7\textwidth, trim = {0 0 0 0},clip]{./Imagenes/Kalman_Filter.png}
	\caption{Comparación de entrada, medición y predicción del sistema.}
	\label{fig:kalmanfilter}
\end{figure}

\subsubsection{Modelo en variables de estado}



\subsubsection{Implementacion del filtro recursivo}
A continuación, se estima la la densidad espectral de potencia del vector $X(n)$. Para ello, se emplean dos técnicas distintas. La primera consiste en el uso de la transformada de Fourier de la estimación realizada de las funciones de autocorrelación.
\begin{figure}[H]
\centering
	\includegraphics[width=0.8\textwidth, trim = {0 0 0 0},clip]{./Imagenes/pend.jpg}
	\caption{Periodigramas obtenidos a partir de las estimaciones de $R_{XX}$.}
	\label{fig:period-est}
\end{figure}

Como era de esperarse, la diferencia entre el gráfico obtenido a través de la estimación polarizada no difiere tanto de la no polarizada.

La segunda técnica consta de la promediación de periodigramas. Para esto se partió el vector original en 16 grupos de 256 elementos, en cada grupo se calculó los primeros 128 valores de la autocorrelacion con el estimador no polarizado, luego a cada vector se le calcula la densidad espectral de potencia y finalmente se las promedia.\footnote{Se utilizó la formula 9.24 del libro}
\begin{figure}[H]
\centering
	\includegraphics[width=0.8\textwidth, trim = {0 0 0 0},clip]{./Imagenes/pend.jpg}
	\caption{Estimación de la densidad espectral de potencia mediante el uso de promediación de periodigramas.}
	\label{fig:fft-calc}
\end{figure}

Finalmente, a modo comparativo, se ilustran las estimaciones obtenidas superpuestas:
\begin{figure}[H]
\centering
	\includegraphics[width=0.8\textwidth, trim = {0 0 0 0},clip]{./Imagenes/pend.jpg}
	\caption{Estimaciones de potencia.}
	\label{fig:fft2}
\end{figure}
Se puede apreciar que son muy similares tanto la promediación de periodogramas con la transformada de la estimación de la función de autocorrelación.

\subsection{Análisis de resultados}

\begin{figure}[H]
\centering
	\includegraphics[width=0.7\textwidth, trim = {0 0 0 0},clip]{./Imagenes/Error_porcentual.png}
	\caption{Variación del error porcentual en función de la varianza.}
	\label{fig:errorporcent}
\end{figure}

\subsection{Código implementado}
\begin{itemize}
\item Main.m:
	\lstinputlisting[language=Matlab]{../Matlab/Main.m}
	
\item Cpar.m:
	\lstinputlisting[language=Matlab]{../Matlab/cpar.m}
	
\item Rnp.m:
	\lstinputlisting[language=Matlab]{../Matlab/Rnp.m}
	
\item kalman.m:
	\lstinputlisting[language=Matlab]{../Matlab/kalman.m}

\end{itemize}

\end{document}